-6.981364841673343591e+00 5.246097852935983907e-02 -2.686343975514468019e-01 -2.886403824539769958e-01 4.473373316477861385e-03 4.473373316477861385e-03 1.345555766635364754e-02 1.345555766635364754e-02 2.419833476453563392e-01 2.874134839377023853e-01 2.119159551410731979e-02 2.119159551410731979e-02 2.620244879290958284e-01
-7.001007663065244024e+00 5.726656646671014761e-02 -2.732270613965614436e-01 -2.928469994121669639e-01 4.533023917802852555e-03 4.533023917802852555e-03 1.323790193064195223e-02 1.323790193064195223e-02 2.389141222405354315e-01 2.845722858610786332e-01 2.105445464165176320e-02 2.105445464165176320e-02 2.621561098581347560e-01
-7.016908545047291668e+00 6.051669763947939429e-02 -2.771588465160745307e-01 -2.968380813038331567e-01 4.619398443276319551e-03 4.619398443276319551e-03 1.302840660148575289e-02 1.302840660148575289e-02 2.359338384416665435e-01 2.816362988196182693e-01 2.094246769899171107e-02 2.094246769899171107e-02 2.622430172138577320e-01
-7.029713873238750743e+00 6.246273122003771772e-02 -2.805308931108894122e-01 -3.006493214604530895e-01 4.731123250114144946e-03 4.731123250114144946e-03 1.282343211242148624e-02 1.282343211242148624e-02 2.330696650994376617e-01 2.786552814271114897e-01 2.085505160451659248e-02 2.085505160451659248e-02 2.622905674477370441e-01
-7.039946423621282534e+00 6.333470160704243734e-02 -2.834260902342635724e-01 -3.043004166201614957e-01 4.867051847659416459e-03 4.867051847659416459e-03 1.262114128648435599e-02 1.262114128648435599e-02 2.303299378328109437e-01 2.756595603343150458e-01 2.078988258161588998e-02 2.078988258161588998e-02 2.623034315104276759e-01
-7.048036444381907017e+00 6.333391603463839337e-02 -2.859102396083496034e-01 -3.078003998471120495e-01 5.026434825980878075e-03 5.026434825980878075e-03 1.242096341015803962e-02 1.242096341015803962e-02 2.277126887557723578e-01 2.726666018027907867e-01 2.074392229562786738e-02 2.074392229562786738e-02 2.622853064450310079e-01
-7.054341173549884658e+00 6.263174605032632847e-02 -2.880355410136782313e-01 -3.111519616381103193e-01 5.208400472956288031e-03 5.208400472956288031e-03 1.222298590235753810e-02 1.222298590235753810e-02 2.252105734132638926e-01 2.696860496351752290e-01 2.071418783163253216e-02 2.071418783163253216e-02 2.622388512360709911e-01
-7.059160357428509336e+00 6.137010620267599470e-02 -2.898424405237292056e-01 -3.143545629584413303e-01 5.413094312356598291e-03 5.413094312356598291e-03 1.202806283160940022e-02 1.202806283160940022e-02 2.228154449542373849e-01 2.667228706892454393e-01 2.069766496902394545e-02 2.069766496902394545e-02 2.621660929436419041e-01
-7.062745718289796137e+00 5.966500808125199673e-02 -2.913629348836795918e-01 -3.174065194856048322e-01 5.640995964676886326e-03 5.640995964676886326e-03 1.183732211749015557e-02 1.183732211749015557e-02 2.205194609729549948e-01 2.637797781428005139e-01 2.069168192720910807e-02 2.069168192720910807e-02 2.620684038044933661e-01
-7.065308707499135643e+00 5.761031395481076844e-02 -2.926229014293564301e-01 -3.203062657113392997e-01 5.892653928061908873e-03 5.892653928061908873e-03 1.165193929497325247e-02 1.165193929497325247e-02 2.183157348390309394e-01 2.608586263226818081e-01 2.069401288451672150e-02 2.069401288451672150e-02 2.619466077031122886e-01
-7.067028136922388626e+00 5.528059789761528842e-02 -2.936426629547005951e-01 -3.230529905704583316e-01 6.169458932440882379e-03 6.169458932440882379e-03 1.147326312141237412e-02 1.147326312141237412e-02 2.161994591752735007e-01 2.579610382989401263e-01 2.070262782999281528e-02 2.070262782999281528e-02 2.618011717910763703e-01
-7.068055108896832195e+00 5.273475745246644641e-02 -2.944384748995337864e-01 -3.256469084459749919e-01 6.473201005886664895e-03 6.473201005886664895e-03 1.130259343510874731e-02 1.130259343510874731e-02 2.141674616478038973e-01 2.550888751775930441e-01 2.071580037152942477e-02 2.071580037152942477e-02 2.616321756102547580e-01
-7.068517760779499781e+00 5.001877572335915179e-02 -2.950231148421765814e-01 -3.280892734546599909e-01 6.806152596018237577e-03 6.806152596018237577e-03 1.114115474321733350e-02 1.114115474321733350e-02 2.122181415459227227e-01 2.522443658506269282e-01 2.073204239539918822e-02 2.073204239539918822e-02 2.614393423870628452e-01
-7.068525173734518496e+00 4.716813305828487790e-02 -2.954063513213878167e-01 -3.303822555727726762e-01 7.171064964740250791e-03 7.171064964740250791e-03 1.099006162192951892e-02 1.099006162192951892e-02 2.103512532354217535e-01 2.494301175920193847e-01 2.075006708203318284e-02 2.075006708203318284e-02 2.612220400042023494e-01
-7.068170681599052152e+00 4.420981771166614116e-02 -2.955952611035532196e-01 -3.325287452704514535e-01 7.571171016641827477e-03 7.571171016641827477e-03 1.085029928406626258e-02 1.085029928406626258e-02 2.085676840921682484e-01 2.466490550631068590e-01 2.076875489094300031e-02 2.076875489094300031e-02 2.609792714557742643e-01
-7.067534677102388585e+00 4.116398269653101516e-02 -2.955944410276682977e-01 -3.345321291166546418e-01 8.010196367381074156e-03 8.010196367381074156e-03 1.072271503050476089e-02 1.072271503050476089e-02 2.068692550873473812e-01 2.439043275719982029e-01 2.078712382615733115e-02 2.078712382615733115e-02 2.607096577486064382e-01
-7.066686994915071018e+00 3.804530229466625280e-02 -2.954061466696450422e-01 -3.363960613965082391e-01 8.492378143376265801e-03 8.492378143376265801e-03 1.060801701753997031e-02 1.060801701753997031e-02 2.052585547622414464e-01 2.411992079987998472e-01 2.080430455298360251e-02 2.080430455298360251e-02 2.604114148996813372e-01
-7.065688935109701418e+00 3.486407947743676294e-02 -2.950303820664132437e-01 -3.381242458258879591e-01 9.022489217612032417e-03 9.022489217612032417e-03 1.050677747660112675e-02 1.050677747660112675e-02 2.037388072774783399e-01 2.385369963103641244e-01 2.081952048167521815e-02 2.081952048167521815e-02 2.600823262524095680e-01
-7.064594976134920934e+00 3.162714965314658566e-02 -2.944649609311503768e-01 -3.397202349528272158e-01 9.605864343957716892e-03 9.605864343957716892e-03 1.041943819295200295e-02 1.041943819295200295e-02 2.023137698345333080e-01 2.359209340799960919e-01 2.083207259931244351e-02 2.083207259931244351e-02 2.597197115212930285e-01
-7.063454213555655059e+00 2.833861944475867672e-02 -2.937055585932895618e-01 -3.411872512672304847e-01 1.024842379683875253e-02 1.024842379683875253e-02 1.034631665173860009e-02 1.034631665173860009e-02 2.009876521693369777e-01 2.333541325080941697e-01 2.084132858298939558e-02 2.084132858298939558e-02 2.593203945142347200e-01
-7.062311549782570808e+00 2.500047300457975546e-02 -2.927457741446081729e-01 -3.425280323376804770e-01 1.095668946150698403e-02 1.095668946150698403e-02 1.028761177110865122e-02 1.028761177110865122e-02 1.997650497730650843e-01 2.308395141729490674e-01 2.084671556529976363e-02 2.084671556529976363e-02 2.588806721957287449e-01
-7.061208650791847674e+00 2.161307324471752056e-02 -2.915772232107278206e-01 -3.437447017643966429e-01 1.173778770492644313e-02 1.173778770492644313e-02 1.024340856089422762e-02 1.024340856089422762e-02 1.986508822341465086e-01 2.283797675114127568e-01 2.084771584115061374e-02 2.084771584115061374e-02 2.583962885499131445e-01
-7.060184678254674218e+00 1.817558142328793910e-02 -2.901896829715673309e-01 -3.448386679525358156e-01 1.259943269272626246e-02 1.259943269272626246e-02 1.021368138130705934e-02 1.021368138130705934e-02 1.976503281532210332e-01 2.259773124386590948e-01 2.084386478664008308e-02 2.084386478664008308e-02 2.578624175521750383e-01
-7.059276799480108444e+00 1.468631560274785350e-02 -2.885713121395402370e-01 -3.458105533879756166e-01 1.354988313240608824e-02 1.354988313240608824e-02 1.019829575445642574e-02 1.019829575445642574e-02 1.967687482654883746e-01 2.236342753099853642e-01 2.083475027604764912e-02 2.083475027604764912e-02 2.572736604463158328e-01
-7.058520473113576443e+00 1.114306634056602685e-02 -2.867089692209590090e-01 -3.466601580515150660e-01 1.459786477272196140e-02 1.459786477272196140e-02 1.019700891840952077e-02 1.019700891840952077e-02 1.960115886358366200e-01 2.213524714530308857e-01 2.082001291420529018e-02 2.082001291420529018e-02 2.566240634290855582e-01
-7.057949505955988023e+00 7.543386230107707209e-03 -2.845886519252885938e-01 -3.473864616581890941e-01 1.575245054882214168e-02 1.575245054882214168e-02 1.020946952607594722e-02 1.020946952607594722e-02 1.953842561600047656e-01 2.191333936667848870e-01 2.079934643591202156e-02 2.079934643591202156e-02 2.559071626871736171e-01
-7.057595876209711960e+00 3.884868209013286368e-03 -2.821960781977294053e-01 -3.479876703503811397e-01 1.702289027135974256e-02 1.702289027135974256e-02 1.023521708303312856e-02 1.023521708303312856e-02 1.948919592835592074e-01 2.169782053461856430e-01 2.077249766686642754e-02 2.077249766686642754e-02 2.551160643640175141e-01
-7.057489321907611135e+00 1.654254931368415518e-04 -2.795174238836162783e-01 -3.484613140233533413e-01 1.841838254666092189e-02 1.841838254666092189e-02 1.027368188090682817e-02 1.027368188090682817e-02 1.945395081042233243e-01 2.148877372142472542e-01 2.073926551148487854e-02 2.073926551148487854e-02 2.542435672106031497e-01
-7.057656702506525548e+00 -3.616417193003402565e-03 -2.765402211625626050e-01 -3.488043999934293815e-01 1.994778407331506201e-02 1.994778407331506201e-02 1.032418632810029428e-02 1.032418632810029428e-02 1.943310705848650954e-01 2.128624869495253646e-01 2.069949853110926094e-02 2.069949853110926094e-02 2.532823348508640438e-01
-7.058121160675045580e+00 -7.461216545578602810e-03 -2.732544018244332240e-01 -3.490136258547762993e-01 2.161925695528066696e-02 2.161925695528066696e-02 1.038594858870136965e-02 1.038594858870136965e-02 1.942698865753688664e-01 2.109026209194134194e-01 2.065309095314060706e-02 2.065309095314060706e-02 2.522251217608618701e-01
-7.058901017374248354e+00 -1.136824620262594926e-02 -2.696535586591217726e-01 -3.490856790138148757e-01 2.343980488438190610e-02 2.343980488438190610e-02 1.045808544504599376e-02 1.045808544504599376e-02 1.943579005200324339e-01 2.090079809501819152e-01 2.059998113722531429e-02 2.059998113722531429e-02 2.510650779930533871e-01
-7.060008624982796910e+00 -1.533515844636586418e-02 -2.657362063811318231e-01 -3.490175895306013576e-01 2.541479886519804748e-02 2.541479886519804748e-02 1.053962642326769159e-02 1.053962642326769159e-02 1.945953985771942674e-01 2.071780986459309526e-01 2.054014081399766281e-02 2.054014081399766281e-02 2.497960969238883777e-01
-7.061449490227422743e+00 -1.935771240468669302e-02 -2.615067641398548526e-01 -3.488070537203144528e-01 2.754757854436906336e-02 2.754757854436906336e-02 1.062953076538812429e-02 1.062953076538812429e-02 1.949807215140058059e-01 2.054121912037853437e-01 2.047356743926870282e-02 2.047356743926870282e-02 2.484131501653334406e-01
-7.063220846659200802e+00 -2.342930616231469684e-02 -2.569770334082489560e-01 -3.484529647820965303e-01 2.983874868790689291e-02 2.983874868790689291e-02 1.072669457547908642e-02 1.072669457547908642e-02 1.955097427329154369e-01 2.037091915964833744e-01 2.040029007016103124e-02 2.040029007016103124e-02 2.469127932988082752e-01
-7.065310952071902406e+00 -2.754072657619380596e-02 -2.521669496809632594e-01 -3.479558377044339457e-01 3.228573099850400724e-02 3.228573099850400724e-02 1.082997595037766062e-02 1.082997595037766062e-02 1.961755752244826456e-01 2.020677660426889455e-01 2.032036421695010073e-02 2.032036421695010073e-02 2.452935767733775418e-01
-7.067698640699556556e+00 -3.167992474732456154e-02 -2.471050634891122089e-01 -3.473182445909562266e-01 3.488231927550105443e-02 3.488231927550105443e-02 1.093821617737809893e-02 1.093821617737809893e-02 1.969683000319221722e-01 2.004863381386147170e-01 2.023387768047394189e-02 2.023387768047394189e-02 2.435564592677187945e-01
-7.070353383079264198e+00 -3.583190724044082315e-02 -2.418285028784233348e-01 -3.465451945993683336e-01 3.761835045761808410e-02 3.761835045761808410e-02 1.105026185254578616e-02 1.105026185254578616e-02 1.978748095156643294e-01 1.989631189011541734e-01 2.014096191698260332e-02 2.014096191698260332e-02 2.417051585840916395e-01
-7.073235983046789244e+00 -3.997879179664900334e-02 -2.363822927928920792e-01 -3.456444059379349953e-01 4.047955720826395404e-02 4.047955720826395404e-02 1.116498687218660073e-02 1.116498687218660073e-02 1.988788177407140312e-01 1.974961410526694938e-01 2.004180859712023990e-02 2.004180859712023990e-02 2.397463893930045775e-01
-7.076299976101208422e+00 -4.410006770945356508e-02 -2.308179724792037146e-01 -3.446264173334879777e-01 4.344766174050870844e-02 4.344766174050870844e-02 1.128131280314661859e-02 1.128131280314661859e-02 1.999610823772135226e-01 1.960832944974272851e-01 1.993669009323623120e-02 1.993669009323623120e-02 2.376899384690017158e-01
-7.079493682276379651e+00 -4.817307900458389636e-02 -2.251915612018646207e-01 -3.435045022115921776e-01 4.650074510576813341e-02 4.650074510576813341e-02 1.139822626743105735e-02 1.139822626743105735e-02 2.010998587314873909e-01 1.947223609901028163e-01 1.982598126202958153e-02 1.982598126202958153e-02 2.355485428119267755e-01
-7.082762753044672621e+00 -5.217372141991299256e-02 -2.195610334369487160e-01 -3.422943727391788427e-01 4.961389296468059207e-02 4.961389296468059207e-02 1.151479273191106760e-02 1.151479273191106760e-02 2.022715767905273743e-01 1.934110479699190921e-01 1.971017847805907677e-02 1.971017847805907677e-02 2.333375579623171991e-01
-7.086052991813596158e+00 -5.607731993825250394e-02 -2.139835282930643845e-01 -3.410136748381936145e-01 5.276009746451942178e-02 5.276009746451942178e-02 1.163016585549839048e-02 1.163016585549839048e-02 2.034517116204756504e-01 1.921470173122511449e-01 1.958991218216314667e-02 1.958991218216314667e-02 2.310744219798946397e-01
-7.089313217824038560e+00 -5.985962147546612655e-02 -2.085125452576254423e-01 -3.396812761104133771e-01 5.591138133742223904e-02 5.591138133742223904e-02 1.174358771218864117e-02 1.174358771218864117e-02 2.046158029572346382e-01 1.909278867157323811e-01 1.946595373330628487e-02 1.946595373330628487e-02 2.287779394217312190e-01
-7.092498028827531442e+00 -6.349778088351161476e-02 -2.031953567166063512e-01 -3.383163038994632110e-01 5.904012705961909913e-02 5.904012705961909913e-02 1.185436030179853883e-02 1.185436030179853883e-02 2.057405872886522435e-01 1.897511172864541629e-01 1.933923303153272863e-02 1.933923303153272863e-02 2.264674291625929370e-01
-7.095563830900863955e+00 -6.697140372479382098e-02 -1.980748815121852746e-01 -3.369405574694814831e-01 6.211736173827780289e-02 6.211736173827780289e-02 1.196231129105531157e-02 1.196231129105531157e-02 2.068029243948704132e-01 1.886161695469960597e-01 1.921038406248582950e-02 1.921038406248582950e-02 2.241629755640002220e-01
-7.098486869428946022e+00 -7.026333468524126324e-02 -1.931775952653028150e-01 -3.355686160224361503e-01 6.512205884587711491e-02 6.512205884587711491e-02 1.206651240621685675e-02 1.206651240621685675e-02 2.077864879122359176e-01 1.875186360429319521e-01 1.908089153355097337e-02 1.908089153355097337e-02 2.218814063573035511e-01
-7.101242669832452670e+00 -7.336005417581417665e-02 -1.885269861368710775e-01 -3.342184047377628753e-01 6.803173355640622366e-02 6.803173355640622366e-02 1.216681993546614785e-02 1.216681993546614785e-02 2.086750592258386217e-01 1.864573930626593212e-01 1.895162185895807316e-02 1.895162185895807316e-02 2.196396971386055941e-01
-7.103818259968172732e+00 -7.625203333100524783e-02 -1.841356930219225918e-01 -3.329039913710775678e-01 7.082911114457512980e-02 7.082911114457512980e-02 1.226293555340548895e-02 1.226293555340548895e-02 2.094572131420703309e-01 1.854303078198002441e-01 1.882364308102398021e-02 1.882364308102398021e-02 2.174520616882077984e-01
-7.106207966196203429e+00 -7.893375837481880763e-02 -1.800086007722130899e-01 -3.316370946423656263e-01 7.350076624752938104e-02 7.350076624752938104e-02 1.235465086042408615e-02 1.235465086042408615e-02 2.101252212673852537e-01 1.844354018297771625e-01 1.869795150794930846e-02 1.869795150794930846e-02 2.153302926778989934e-01
-7.108410403942881040e+00 -8.140522916287469546e-02 -1.761436634093343501e-01 -3.304287045318408667e-01 7.603617048539623724e-02 7.603617048539623724e-02 1.244234199353643107e-02 1.244234199353643107e-02 2.106743535240495624e-01 1.834730879798646130e-01 1.857497125617809178e-02 1.857497125617809178e-02 2.132831396170925542e-01
