-5.365390543033788262e+00 -7.746333377698713663e-02 -1.883449315383698419e-01 -2.086133856783472518e-01 2.376799128477103187e-02 2.376799128477103187e-02 2.903934762059750749e-02 2.903934762059750749e-02 2.580156298826522532e-01 2.639981213232922563e-01 1.039671438969612220e-02 1.039671438969612220e-02 2.729037778282994431e-01
-6.076727995535177840e+00 -7.255972669166745048e-02 -1.913940154632312041e-01 -2.206329351121658899e-01 1.543661980559614399e-02 1.543661980559614399e-02 2.550701356799625966e-02 2.550701356799625966e-02 2.559732998596260800e-01 2.731606073303523008e-01 1.348868548027028387e-02 1.348868548027028387e-02 2.702534070574497127e-01
-6.433400960561494131e+00 -5.463436724587979187e-02 -2.017352953203009058e-01 -2.345444232172368693e-01 6.868655395119155696e-03 6.868655395119155696e-03 1.995584051664750155e-02 1.995584051664750155e-02 2.532952312339732392e-01 2.858189589674448028e-01 1.847634368617328757e-02 1.847634368617328757e-02 2.640313728636024537e-01
-6.642471758372725077e+00 -3.032352983632884830e-02 -2.153054302285136168e-01 -2.481795804655730353e-01 4.950938117138398153e-03 4.950938117138398153e-03 1.662454669608881205e-02 1.662454669608881205e-02 2.549464761829229875e-01 2.934346098758373600e-01 2.114031553498260663e-02 2.114031553498260663e-02 2.611362938670040990e-01
-6.775064746652481595e+00 -4.371497006041477444e-03 -2.306566590249885529e-01 -2.603387126838536680e-01 4.649234147840131982e-03 4.649234147840131982e-03 1.521316079820760232e-02 1.521316079820760232e-02 2.549719006921745690e-01 2.959666307722353951e-01 2.179372128150117160e-02 2.179372128150117160e-02 2.608094665176373672e-01
-6.864034758497029820e+00 1.875665699517277060e-02 -2.448873234063433380e-01 -2.705664051947935800e-01 4.504233814478513127e-03 4.504233814478513127e-03 1.445619907411745293e-02 1.445619907411745293e-02 2.523770350568078635e-01 2.952598374958600447e-01 2.176719486907363263e-02 2.176719486907363263e-02 2.611649223864977998e-01
-6.926217893424399641e+00 3.685928530647950008e-02 -2.567720342385990673e-01 -2.791566152522445554e-01 4.441065702890639906e-03 4.441065702890639906e-03 1.395409068224799307e-02 1.395409068224799307e-02 2.482106517463813500e-01 2.925374868544570739e-01 2.152864954834740954e-02 2.152864954834740954e-02 2.616029338035561480e-01
-6.970695421436346351e+00 4.961349191770429712e-02 -2.662325924723243364e-01 -2.865883420053407793e-01 4.455114574460009545e-03 4.455114574460009545e-03 1.356157263109383435e-02 1.356157263109383435e-02 2.434313649005257485e-01 2.886864261547456012e-01 2.126356373799157332e-02 2.126356373799157332e-02 2.619463239277765032e-01
-7.002754319076744949e+00 5.765731718875539979e-02 -2.736481711628531155e-01 -2.932550661139257109e-01 4.540483042808816927e-03 4.540483042808816927e-03 1.321666275392583897e-02 1.321666275392583897e-02 2.386114477463376904e-01 2.842819442056102597e-01 2.104211318081364995e-02 2.104211318081364995e-02 2.621667224168950372e-01
-7.025754963897942851e+00 6.194420441301475011e-02 -2.794635819523951792e-01 -2.993974076552849972e-01 4.691140912240734234e-03 4.691140912240734234e-03 1.289139780157305681e-02 1.289139780157305681e-02 2.340106920144409131e-01 2.796517653290784833e-01 2.088158210493825523e-02 2.088158210493825523e-02 2.622787821196685965e-01
-7.042011499090506277e+00 6.340581545078635695e-02 -2.840403971871727218e-01 -3.051304205977110051e-01 4.902151792871668919e-03 4.902151792871668919e-03 1.257424121102588069e-02 1.257424121102588069e-02 2.297084809916072057e-01 2.749605091419805580e-01 2.077756117154441751e-02 2.077756117154441751e-02 2.623018558626694086e-01
-7.053207922936649332e+00 6.282107845118567457e-02 -2.876371032323105092e-01 -3.104935219146515157e-01 5.170205397714979639e-03 5.170205397714979639e-03 1.226237181754775973e-02 1.226237181754775973e-02 2.257021801179425191e-01 2.702808841552684638e-01 2.071898363510926364e-02 2.071898363510926364e-02 2.622503023023426971e-01
-7.060606362679759052e+00 6.079092673390519563e-02 -2.904316465476536879e-01 -3.154911978638547110e-01 5.494007699215756012e-03 5.494007699215756012e-03 1.195759922616308583e-02 1.195759922616308583e-02 2.219625360180221829e-01 2.656412841862342278e-01 2.069435222632243568e-02 2.069435222632243568e-02 2.621331253550749918e-01
-7.065165903658506608e+00 5.775658458351663749e-02 -2.925465785026557519e-01 -3.201177062299962461e-01 5.875111400365375970e-03 5.875111400365375970e-03 1.166410414187513123e-02 1.166410414187513123e-02 2.184598844954185326e-01 2.610526554718215486e-01 2.069364139392082177e-02 2.069364139392082177e-02 2.619554658565294014e-01
-7.067619682264083991e+00 5.403154691327019532e-02 -2.940676888850921600e-01 -3.243689953992903163e-01 6.317832048537440348e-03 6.317832048537440348e-03 1.138684867910960859e-02 1.138684867910960859e-02 2.151730601139137389e-01 2.565216485395676038e-01 2.070874254973172068e-02 2.070874254973172068e-02 2.617196277541039562e-01
-7.068531308041744232e+00 4.983258240923761628e-02 -2.950548377176907544e-01 -3.282467577957928206e-01 6.829452580868860569e-03 6.829452580868860569e-03 1.113074838768370219e-02 1.113074838768370219e-02 2.120911135490176902e-01 2.520557770048819091e-01 2.073320178822423906e-02 2.073320178822423906e-02 2.614256258714088843e-01
-7.068337350471394664e+00 4.530563036075409278e-02 -2.955482153585747840e-01 -3.317585024543666106e-01 7.420154392938861990e-03 7.420154392938861990e-03 1.090017326351368915e-02 1.090017326351368915e-02 2.092118881665309127e-01 2.476647293733409416e-01 2.076189044172259759e-02 2.076189044172259759e-02 2.610713221809408124e-01
-7.067380002094363789e+00 4.054568787692278131e-02 -2.955717479932754577e-01 -3.349159525604966658e-01 8.103035356804606446e-03 8.103035356804606446e-03 1.069872429048293258e-02 1.069872429048293258e-02 2.065400019797315467e-01 2.433600292356082329e-01 2.079068110494869046e-02 2.079068110494869046e-02 2.606523640239985506e-01
-7.065932299644340553e+00 3.561154964491972108e-02 -2.951349086942652855e-01 -3.377329534204455141e-01 8.894237982426151864e-03 8.894237982426151864e-03 1.052917091725778624e-02 1.052917091725778624e-02 2.040850897695911381e-01 2.391541687809265460e-01 2.081618380637592289e-02 2.081618380637592289e-02 2.601620059473978563e-01
-7.064217628817980987e+00 3.053656984854999715e-02 -2.942336543761076006e-01 -3.402234241841646245e-01 9.813165198593187463e-03 9.813165198593187463e-03 1.039347238421404855e-02 1.039347238421404855e-02 2.018605199294894459e-01 2.350597114550495303e-01 2.083555362513454107e-02 2.083555362513454107e-02 2.595908556290872360e-01
-7.062424692549442717e+00 2.533649934766531511e-02 -2.928509937497873472e-01 -3.423995689755015004e-01 1.088270771305880139e-02 1.088270771305880139e-02 1.029283021109710095e-02 1.029283021109710095e-02 1.998825138746240238e-01 2.310885491328357189e-01 2.084636614670400123e-02 2.084636614670400123e-02 2.589265795328415942e-01
-7.060718671615313191e+00 2.001523053522013748e-02 -2.909576422356876524e-01 -3.442704322575398934e-01 1.212937464212130931e-02 1.212937464212130931e-02 1.022774007047257128e-02 1.022774007047257128e-02 1.981694955380118861e-01 2.272513557444565402e-01 2.084654870170097457e-02 2.084654870170097457e-02 2.581536223660050311e-01
-7.059248954743287285e+00 1.456909027090691131e-02 -2.885132406210325628e-01 -3.458408470722990624e-01 1.358319495676719828e-02 1.358319495676719828e-02 1.019802736562909658e-02 1.019802736562909658e-02 1.967414747949851606e-01 2.235572194713590644e-01 2.083435146586936487e-02 2.083435146586936487e-02 2.572530219572274901e-01
-7.058153558442199049e+00 8.990188157797564597e-03 -2.854686513918776591e-01 -3.471108347040738340e-01 1.527723334382388894e-02 1.527723334382388894e-02 1.020286261136992521e-02 1.020286261136992521e-02 1.956192699781275912e-01 2.200134157639793697e-01 2.080834190753227605e-02 2.080834190753227605e-02 2.562024322163987122e-01
-7.057560194104586238e+00 3.269240987236772446e-03 -2.817698612788316348e-01 -3.480755449883787822e-01 1.724654295481683683e-02 1.724654295481683683e-02 1.024076171752740481e-02 1.024076171752740481e-02 1.948233839718719329e-01 2.166252819757703563e-01 2.076740695183684760e-02 2.076740695183684760e-02 2.549764983970846388e-01
-7.057583899787762682e+00 -2.601773488397760969e-03 -2.773639559607778970e-01 -3.487258595085436785e-01 1.952637297237066680e-02 1.952637297237066680e-02 1.030958362043982342e-02 1.030958362043982342e-02 1.943723699180040509e-01 2.133961615267822576e-01 2.071074876654907179e-02 2.071074876654907179e-02 2.535477533071792133e-01
-7.058321320375508634e+00 -8.626866486605072604e-03 -2.722073932122692774e-01 -3.490497883372107868e-01 2.214949170055563119e-02 2.214949170055563119e-02 1.040654319957434563e-02 1.040654319957434563e-02 1.942805795541602820e-01 2.103273954409843327e-01 2.063786330684954859e-02 2.063786330684954859e-02 2.518881998507987996e-01
-7.059841728331980093e+00 -1.480290634600887716e-02 -2.662767199728647838e-01 -3.490348585008735682e-01 2.514239666594302730e-02 2.514239666594302730e-02 1.052824758012127840e-02 1.052824758012127840e-02 1.945551310196489969e-01 2.074183665693755674e-01 2.054850887831274550e-02 2.054850887831274550e-02 2.499717837537167031e-01
-7.062176976622504654e+00 -2.111652623167763199e-02 -2.595797744716892286e-01 -3.486712523610716596e-01 2.852104487981152459e-02 2.852104487981152459e-02 1.067081012467408115e-02 1.067081012467408115e-02 1.951926582266695076e-01 2.046665733704213230e-01 2.044263440415468314e-02 2.044263440415468314e-02 2.477775465289576706e-01
-7.065310952072112016e+00 -2.754072657624178494e-02 -2.521669496807664723e-01 -3.479558377043631134e-01 3.228573099859293610e-02 3.228573099859293610e-02 1.082997595037561885e-02 1.082997595037561885e-02 1.961755752245532003e-01 2.020677660426667965e-01 2.032036421695293874e-02 2.032036421695293874e-02 2.452935767733296912e-01
-7.069172533585113882e+00 -3.403222740186646195e-02 -2.441386513515914070e-01 -3.468963835956622166e-01 3.641643676858213191e-02 3.641643676858213191e-02 1.100131458412372670e-02 1.100131458412372670e-02 1.974689912155784266e-01 1.996161563016012885e-01 2.018200410224061173e-02 2.018200410224061173e-02 2.425210481391026907e-01
-7.073635120097006457e+00 -4.053025013054441239e-02 -2.356460203139980614e-01 -3.455151829643419159e-01 4.086957174550199384e-02 4.086957174550199384e-02 1.118042734869131687e-02 1.118042734869131687e-02 1.990190498451898105e-01 1.973046813917366527e-01 2.002813040612733131e-02 2.002813040612733131e-02 2.394775908054946334e-01
-7.078525161546312283e+00 -4.695765814369298741e-02 -2.268825638585957316e-01 -3.438510968672965351e-01 4.557733025766635276e-02 4.557733025766635276e-02 1.136314778578983650e-02 1.136314778578983650e-02 2.007536676144134336e-01 1.951253254838877793e-01 1.985975387351715873e-02 1.985975387351715873e-02 2.361990128731318861e-01
-7.083640270064774924e+00 -5.322518688170063683e-02 -2.180662183791317599e-01 -3.419589895287263870e-01 5.045079630439114338e-02 5.045079630439114338e-02 1.154570838541613131e-02 1.154570838541613131e-02 2.025864762146156739e-01 1.930694472858540400e-01 1.967851462441963864e-02 1.967851462441963864e-02 2.327383958712855860e-01
-7.088773948254011081e+00 -5.923865449732804156e-02 -2.094148785901806531e-01 -3.399061161345944826e-01 5.538700143449891422e-02 5.538700143449891422e-02 1.172484947543522664e-02 1.172484947543522664e-02 2.044239123517885282e-01 1.911280610171746663e-01 1.948683266943448608e-02 1.948683266943448608e-02 2.291621823677056358e-01
-7.093742219357134893e+00 -6.490796603814576182e-02 -2.011205750927361202e-01 -3.377653074590249993e-01 6.027945588800541488e-02 6.027945588800541488e-02 1.189776577505293094e-02 1.189776577505293094e-02 2.061747180470824836e-01 1.892916026399141527e-01 1.928802161786165315e-02 1.928802161786165315e-02 2.255435707581642246e-01
-7.098392036428410101e+00 -7.015668431489664736e-02 -1.933369568312255926e-01 -3.356140807308031770e-01 6.502332750877286294e-02 6.502332750877286294e-02 1.206309970152242422e-02 1.206309970152242422e-02 2.077551595497909021e-01 1.875546229153428612e-01 1.908521055686326906e-02 1.908521055686326906e-02 2.219569015344282636e-01
-7.102639258950903312e+00 -7.492836693293196404e-02 -1.861522148213247407e-01 -3.335121299515039772e-01 6.953858623354697288e-02 6.953858623354697288e-02 1.221861923806599054e-02 1.221861923806599054e-02 2.091060268319549498e-01 1.859054961627126246e-01 1.888313972378925440e-02 1.888313972378925440e-02 2.184654199575619404e-01
-7.106436665893217430e+00 -7.919028458732921272e-02 -1.796104072568186494e-01 -3.315134125747532523e-01 7.376060650219735948e-02 7.376060650219735948e-02 1.236357935566923319e-02 1.236357935566923319e-02 2.101855479814278560e-01 1.843376295091959105e-01 1.868553931808006330e-02 1.868553931808006330e-02 2.151221132332687414e-01
-7.109779964439188582e+00 -8.293474207913431595e-02 -1.737095880218608723e-01 -3.296565822964329096e-01 7.764919664166904101e-02 7.764919664166904101e-02 1.249787030976742992e-02 1.249787030976742992e-02 2.109746911063524188e-01 1.828458613547149780e-01 1.849549296127904127e-02 1.849549296127904127e-02 2.119637184182762701e-01
-7.112698491633492104e+00 -8.616970079597713328e-02 -1.684184439595331761e-01 -3.279608534144510257e-01 8.118871095044337405e-02 8.118871095044337405e-02 1.262038705673035159e-02 1.262038705673035159e-02 2.114749999719819917e-01 1.814196050886606737e-01 1.831664106907429992e-02 1.831664106907429992e-02 2.090134201970907935e-01
-7.115231830417096504e+00 -8.892547056477145828e-02 -1.636853804394641232e-01 -3.264388860257519953e-01 8.437833570681768647e-02 8.437833570681768647e-02 1.273224756843771392e-02 1.273224756843771392e-02 2.117009085038114580e-01 1.800575467515374561e-01 1.815000876916099057e-02 1.815000876916099057e-02 2.062789961762085122e-01
-7.117430272024430238e+00 -9.123885688712765618e-02 -1.594520506275763361e-01 -3.250894450295993554e-01 8.723276927089650135e-02 8.723276927089650135e-02 1.283367274004371290e-02 1.283367274004371290e-02 2.116777798173849479e-01 1.787540242407261726e-01 1.799685732825182308e-02 1.799685732825182308e-02 2.037590818523256075e-01
-7.119343488585642810e+00 -9.315037238896974048e-02 -1.556614772871285080e-01 -3.239040705657570962e-01 8.977508433872825877e-02 8.977508433872825877e-02 1.292474954064069988e-02 1.292474954064069988e-02 2.114358487301450651e-01 1.775025230400705256e-01 1.785802396003194348e-02 1.785802396003194348e-02 2.014463148657804070e-01
-7.121016441056863933e+00 -9.470670640340467239e-02 -1.522568105863135457e-01 -3.228716715611673616e-01 9.203282574204210698e-02 9.203282574204210698e-02 1.300657341572884589e-02 1.300657341572884589e-02 2.110073053410408961e-01 1.763012444043461913e-01 1.773293422970684610e-02 1.773293422970684610e-02 1.993263317671433166e-01
-7.122488840102675134e+00 -9.595093284318823024e-02 -1.491889750910107004e-01 -3.219776897788844683e-01 9.403556230353091183e-02 9.403556230353091183e-02 1.307973146415384973e-02 1.307973146415384973e-02 2.104235543646275630e-01 1.751461914221178473e-01 1.762113818998881087e-02 1.762113818998881087e-02 1.973838270180013899e-01
-7.123794555739484835e+00 -9.692722059648750665e-02 -1.464116997658323482e-01 -3.212074546316361356e-01 9.581301429995493779e-02 9.581301429995493779e-02 1.314548495484582982e-02 1.314548495484582982e-02 2.097143288858510091e-01 1.740368671838103953e-01 1.752128563085247545e-02 1.752128563085247545e-02 1.956001834890789270e-01
-7.128657769461399063e+00 -1.165278145333638188e-01 -1.252097552841319184e-01 -3.163711123977370754e-01 1.036095316159428709e-01 1.036095316159428709e-01 1.364581532019114654e-02 1.364581532019114654e-02 2.127555540617045438e-01 1.733953296264780231e-01 1.679969708640073611e-02 1.679969708640073611e-02 1.893575956778796865e-01
-7.129150081358297975e+00 -1.149194302065368045e-01 -1.250075048699815228e-01 -3.163698445738400977e-01 1.041568047244191136e-01 1.041568047244191136e-01 1.365612123242429879e-02 1.365612123242429879e-02 2.112582665169420726e-01 1.723750588839165765e-01 1.678902159463611585e-02 1.678902159463611585e-02 1.884036301006918324e-01
-7.039407398283117345e+00 -2.419559694455342136e-02 -2.149678724385064021e-01 -3.166698252360113930e-01 1.353593783308230762e-02 1.353593783308230762e-02 9.632384947236993398e-04 9.632384947236993398e-04 1.206033932641244477e-01 1.082342078358823345e-01 2.948646996491618988e-02 2.948646996491618988e-02 2.509388582066373052e-01
