-5.953508916354527614e+00
-6.686589517422323325e+00
-7.095015102354103043e+00
-7.365570918493340002e+00
-7.553745028259143623e+00
-7.686279369343795409e+00
-7.779508075130013189e+00
-7.844530228232403424e+00
-7.889183849879254140e+00
-7.919024038559816070e+00
-7.937989468977329821e+00
-7.948892715665099473e+00
-7.953767899716054579e+00
-7.954108301898909161e+00
-7.951026531626538052e+00
-7.945363026508751148e+00
-7.937760574021704763e+00
-7.928716608961006607e+00
-7.918620881244493148e+00
-7.907783356027792365e+00
-7.896455454619876413e+00
-7.884846669427682642e+00
-7.873137958971798689e+00
-7.861492977662842385e+00
-7.850067990311226040e+00
-7.839021154590184892e+00
-7.828521611477947673e+00
-7.818758242891721721e+00
-7.809947268409108467e+00
-7.802335609715027154e+00
-7.796195003551377845e+00
-7.791799426855908983e+00
-7.789379655882527231e+00
-7.789058323100180203e+00
-7.790786656337777671e+00
-7.794318739652411843e+00
-7.799232522535473500e+00
-7.805043539472941383e+00
-7.811266917932913501e+00
-7.817501564900132927e+00
-7.823463723122401348e+00
-7.828971343442212572e+00
-7.833936067883360721e+00
-7.838331952872041875e+00
-7.842174595480232213e+00
-7.845503159284008099e+00
-7.848370363386961479e+00
-7.865141561005170701e+00
-7.865186147050264864e+00
-7.532256274631739856e+00
