2.999999999999999889e-01
3.959183673469387488e-01
4.918367346938775642e-01
5.877551020408162685e-01
6.836734693877550839e-01
7.795918367346938993e-01
8.755102040816327147e-01
9.714285714285713080e-01
1.067346938775510123e+00
1.163265306122448939e+00
1.259183673469387754e+00
1.355102040816326570e+00
1.451020408163265385e+00
1.546938775510204200e+00
1.642857142857142794e+00
1.738775510204081609e+00
1.834693877551020424e+00
1.930612244897959240e+00
2.026530612244898055e+00
2.122448979591836427e+00
2.218367346938775242e+00
2.314285714285714057e+00
2.410204081632652873e+00
2.506122448979591688e+00
2.602040816326530503e+00
2.697959183673469319e+00
2.793877551020408134e+00
2.889795918367346506e+00
2.985714285714285321e+00
3.081632653061224136e+00
3.177551020408162952e+00
3.273469387755101767e+00
3.369387755102040582e+00
3.465306122448979398e+00
3.561224489795918213e+00
3.657142857142857029e+00
3.753061224489795844e+00
3.848979591836734659e+00
3.944897959183673031e+00
4.040816326530611846e+00
4.136734693877550662e+00
4.232653061224489477e+00
4.328571428571428292e+00
4.424489795918367108e+00
4.520408163265305923e+00
4.616326530612244738e+00
4.712244897959183554e+00
4.808163265306122369e+00
4.904081632653061185e+00
5.000000000000000000e+00
