1.000000000000000000e+00
1.061224489795918435e+00
1.122448979591836649e+00
1.183673469387755084e+00
1.244897959183673519e+00
1.306122448979591955e+00
1.367346938775510168e+00
1.428571428571428603e+00
1.489795918367347038e+00
1.551020408163265252e+00
1.612244897959183687e+00
1.673469387755102122e+00
1.734693877551020336e+00
1.795918367346938771e+00
1.857142857142857206e+00
1.918367346938775420e+00
1.979591836734693855e+00
2.040816326530612290e+00
2.102040816326530503e+00
2.163265306122449161e+00
2.224489795918367374e+00
2.285714285714285587e+00
2.346938775510204245e+00
2.408163265306122458e+00
2.469387755102040671e+00
2.530612244897959329e+00
2.591836734693877542e+00
2.653061224489795755e+00
2.714285714285714413e+00
2.775510204081632626e+00
2.836734693877550839e+00
2.897959183673469497e+00
2.959183673469387710e+00
3.020408163265305923e+00
3.081632653061224580e+00
3.142857142857142794e+00
3.204081632653061007e+00
3.265306122448979664e+00
3.326530612244897878e+00
3.387755102040816091e+00
3.448979591836734748e+00
3.510204081632652962e+00
3.571428571428571175e+00
3.632653061224489832e+00
3.693877551020408045e+00
3.755102040816326259e+00
3.816326530612244916e+00
3.877551020408163129e+00
3.938775510204081343e+00
4.000000000000000000e+00
