2.840655600862784347e+00 2.773103811451739453e+00
2.970247133769385428e+00 2.812275745704289953e+00
3.089599520776297403e+00 2.916455743576507498e+00
3.111901536366139531e+00 2.988907536601803194e+00
3.116388610731660957e+00 3.022823320480181764e+00
3.118984958942801811e+00 3.040701086372403772e+00
3.120416617994923314e+00 3.051178967586669621e+00
3.120938005361313827e+00 3.057839707369969240e+00
3.120751444429926469e+00 3.062393085454456987e+00
3.119987976979248678e+00 3.065727090706740654e+00
3.118723043579334053e+00 3.068324641572766964e+00
3.116992153596092052e+00 3.070452792772702555e+00
3.114801358840285417e+00 3.072258826093098971e+00
3.112127057107377137e+00 3.073822398936065348e+00
3.108918756188158827e+00 3.075185127281365283e+00
3.105097648428717605e+00 3.076369866712776791e+00
3.100552658094263947e+00 3.077388962247435078e+00
3.095137224851299163e+00 3.078252652600249384e+00
3.088661463356371151e+00 3.078973426365436694e+00
3.080882431276625866e+00 3.079568083523723576e+00
3.071490693995330812e+00 3.080062467574030904e+00
3.060094396729550859e+00 3.080493612685438976e+00
3.046198738783983284e+00 3.080914584506714071e+00
3.029182028478680344e+00 3.081398807136223716e+00
3.008271275404943879e+00 3.082045253254852568e+00
2.982517835741879786e+00 3.082983596307861784e+00
2.950782594498876588e+00 3.084378430609213240e+00
2.911746480280140936e+00 3.086424857081087492e+00
2.863970296504530832e+00 3.089332990111670618e+00
2.806052229164649692e+00 3.093286844604661745e+00
2.736928811907644032e+00 3.098372032013385624e+00
2.656340264667818918e+00 3.104484401007480798e+00
2.565370157232916615e+00 3.111268968948677216e+00
2.466803897282435543e+00 3.118161935144760477e+00
2.364943859977630236e+00 3.124559786137245165e+00
2.264755771013072572e+00 3.130022808711371063e+00
2.170789139095248732e+00 3.134366164120344855e+00
2.086053829845164742e+00 3.137649941298876755e+00
2.012009351566330650e+00 3.140044751886446939e+00
1.948715807584229465e+00 3.141753239754025540e+00
1.895335921509952115e+00 3.142963159616012803e+00
1.850646593159490205e+00 3.143814866401791530e+00
1.813314529597250813e+00 3.144415949083648520e+00
1.782099849942220704e+00 3.144844396891005811e+00
1.755916363750817721e+00 3.145151578525713809e+00
1.733859455939136707e+00 3.145374426444563554e+00
1.715180406992555362e+00 3.145536921239078243e+00
1.535345865929733877e+00 3.147228875529022751e+00
1.541961459889143793e+00 3.147087891826622297e+00
2.604410199654510372e+00 3.205494069400874224e+00
