-1.799073067851157504e+00
-2.372301836836180566e+00
-2.640714590488251190e+00
-2.770009377935108930e+00
-2.830482959063861159e+00
-2.855708627228013441e+00
-2.862617578797782336e+00
-2.860205122579770443e+00
-2.853516188404364939e+00
-2.845425337862729886e+00
-2.837496879670893701e+00
-2.830489063414148188e+00
-2.824682676189820274e+00
-2.820091112716759607e+00
-2.816589831233078378e+00
-2.813996034555327430e+00
-2.812117498223407175e+00
-2.810780099134378762e+00
-2.809839925852732012e+00
-2.809185191378040347e+00
