-2.417386862859617624e-03 -2.622876234343224627e-03 4.074714169051173174e-02
-3.458469490144759021e-03 -3.806430973669344339e-03 4.786291681553696276e-02
-5.097949622923142812e-03 -5.688149091098710156e-03 5.466726060971634216e-02
-7.277109885580133018e-03 -8.215916964456525251e-03 6.052399231884451891e-02
-9.815405962566737391e-03 -1.117472540433639590e-02 6.467388745212229728e-02
-1.241293889817763132e-02 -1.418477426139167809e-02 6.652557196063089984e-02
-1.469207420661901298e-02 -1.676344801908836307e-02 6.576623420817134802e-02
-1.625963009681234001e-02 -1.842640744834038793e-02 6.239894166203562020e-02
-1.680731998238871316e-02 -1.883243852619792547e-02 5.677228994287156216e-02
-1.621433213806717025e-02 -1.790567357368375023e-02 4.953983091926624643e-02
-1.460035087394486765e-02 -1.586570031567188788e-02 4.151611320669409966e-02
-1.228487533688322683e-02 -1.313649630958877920e-02 3.349295566927876916e-02
-9.681515057438239841e-03 -1.020041607139633016e-02 2.609513358494252450e-02
-7.170506609726392741e-03 -7.458918996920267837e-03 1.971166171853713789e-02
-5.016719651215612898e-03 -5.164340363948410374e-03 1.449866228254807765e-02
-3.336708736710137201e-03 -3.407053293381834616e-03 1.043013628011336090e-02
-2.124825929610719456e-03 -2.156325527753609212e-03 7.368488560591024417e-03
-1.303560139148944585e-03 -1.316977496624381367e-03 5.129422750436303177e-03
-7.764198877643405366e-04 -7.819103012766046024e-04 3.527542825653464265e-03
-4.509158521248462451e-04 -4.530476655424333808e-04 2.400743791369597778e-03
