1.442103319109905302e-01
-3.239392452849162995e-01
-6.129745446098799899e-01
-8.005102614889485491e-01
-9.252596050468777644e-01
-1.009009016872577158e+00
-1.065391781025439855e+00
-1.102326193007415744e+00
-1.125594262360334552e+00
-1.138944744265074860e+00
-1.144960274408617806e+00
-1.145599124123642065e+00
-1.142678082237200687e+00
-1.136626741656965756e+00
-1.128556625052995477e+00
-1.119297681131071753e+00
-1.108916728018474407e+00
-1.098019995881116762e+00
-1.086835140891590390e+00
-1.075372131365333717e+00
-1.064239135499682742e+00
-1.053442819867052904e+00
-1.042996077206862715e+00
-1.032929756778949715e+00
-1.023580004837664426e+00
-1.014823077253889760e+00
-1.006654778259894689e+00
-9.990246022681937843e-01
-9.922259545720708562e-01
-9.858045727517226187e-01
-9.801467267992939325e-01
-9.751555229656698742e-01
-9.708068577346806727e-01
-9.668306578179546307e-01
-9.632982817818718235e-01
-9.603564069640501133e-01
-9.576146716412189397e-01
-9.552900453924138002e-01
-9.534512612030537904e-01
-9.516035927916567383e-01
-9.501833680820893635e-01
-9.490158446284624461e-01
-9.478716054742886143e-01
-9.469815432620690698e-01
-9.462192610725138620e-01
-9.454641240197341201e-01
-9.448869305338738478e-01
-9.445662666356219317e-01
-9.441503231085620618e-01
-9.438607386042312530e-01
-9.436642444850475986e-01
-9.432383909566689484e-01
-9.431724165918731195e-01
-9.429725037828105005e-01
