2.000000000000000111e-01 2.848899999999999988e+00 5.677999999999999714e-01 -1.450800000000000090e+00 6.798999999999999488e-01 7.910000000000000364e-02 7.910000000000000364e-02
2.500000000000000000e-01 2.186799999999999855e+00 5.449000000000000510e-01 -1.286999999999999922e+00 6.719000000000000528e-01 7.979999999999999594e-02 7.979999999999999594e-02
2.999999999999999889e-01 1.725200000000000067e+00 5.214999999999999636e-01 -1.145799999999999930e+00 6.631000000000000227e-01 8.060000000000000497e-02 8.060000000000000497e-02
3.499999999999999778e-01 1.382700000000000040e+00 4.981999999999999762e-01 -1.022599999999999953e+00 6.536999999999999478e-01 8.150000000000000300e-02 8.150000000000000300e-02
4.000000000000000222e-01 1.118200000000000083e+00 4.753999999999999893e-01 -9.144999999999999796e-01 6.438000000000000389e-01 8.250000000000000389e-02 8.250000000000000389e-02
4.500000000000000111e-01 9.082999999999999963e-01 4.534000000000000252e-01 -8.194000000000000172e-01 6.336000000000000520e-01 8.350000000000000477e-02 8.350000000000000477e-02
5.000000000000000000e-01 7.380999999999999783e-01 4.324999999999999956e-01 -7.355000000000000426e-01 6.232999999999999652e-01 8.459999999999999465e-02 8.459999999999999465e-02
5.500000000000000444e-01 5.978999999999999870e-01 4.124999999999999778e-01 -6.612000000000000099e-01 6.129000000000000004e-01 8.580000000000000127e-02 8.580000000000000127e-02
5.999999999999999778e-01 4.808000000000000052e-01 3.936999999999999944e-01 -5.949999999999999734e-01 6.025000000000000355e-01 8.699999999999999400e-02 8.699999999999999400e-02
6.500000000000000222e-01 3.819000000000000172e-01 3.760000000000000009e-01 -5.358000000000000540e-01 5.920999999999999597e-01 8.830000000000000349e-02 8.830000000000000349e-02
6.999999999999999556e-01 2.975999999999999757e-01 3.593000000000000083e-01 -4.825999999999999734e-01 5.817999999999999838e-01 8.959999999999999909e-02 8.959999999999999909e-02
7.500000000000000000e-01 2.252000000000000113e-01 3.435000000000000275e-01 -4.346999999999999753e-01 5.715999999999999970e-01 9.099999999999999756e-02 9.099999999999999756e-02
8.000000000000000444e-01 1.625999999999999945e-01 3.287999999999999812e-01 -3.915000000000000147e-01 5.615999999999999881e-01 9.249999999999999889e-02 9.249999999999999889e-02
8.499999999999999778e-01 1.082999999999999935e-01 3.149000000000000132e-01 -3.523000000000000020e-01 5.517999999999999572e-01 9.389999999999999736e-02 9.389999999999999736e-02
9.000000000000000222e-01 6.090000000000000274e-02 3.018000000000000127e-01 -3.168000000000000260e-01 5.421000000000000263e-01 9.539999999999999869e-02 9.539999999999999869e-02
9.499999999999999556e-01 1.930000000000000118e-02 2.894999999999999796e-01 -2.844999999999999751e-01 5.326999999999999513e-01 9.700000000000000289e-02 9.700000000000000289e-02
1.000000000000000000e+00 -1.720000000000000001e-02 2.778999999999999804e-01 -2.550000000000000044e-01 5.234999999999999654e-01 9.859999999999999321e-02 9.859999999999999321e-02
1.050000000000000044e+00 -4.929999999999999660e-02 2.669000000000000261e-01 -2.281999999999999862e-01 5.145999999999999464e-01 1.001999999999999974e-01 1.001999999999999974e-01
1.100000000000000089e+00 -7.779999999999999416e-02 2.565000000000000058e-01 -2.036000000000000032e-01 5.059000000000000163e-01 1.018000000000000016e-01 1.018000000000000016e-01
1.149999999999999911e+00 -1.029000000000000054e-01 2.467000000000000026e-01 -1.809999999999999942e-01 4.974000000000000088e-01 1.034000000000000058e-01 1.034000000000000058e-01
1.199999999999999956e+00 -1.252999999999999947e-01 2.373999999999999999e-01 -1.602999999999999980e-01 4.892000000000000237e-01 1.049999999999999961e-01 1.049999999999999961e-01
1.250000000000000000e+00 -1.451999999999999957e-01 2.285999999999999976e-01 -1.413000000000000089e-01 4.812000000000000166e-01 1.067000000000000032e-01 1.067000000000000032e-01
1.300000000000000044e+00 -1.628999999999999893e-01 2.202999999999999958e-01 -1.237999999999999934e-01 4.734999999999999765e-01 1.082999999999999935e-01 1.082999999999999935e-01
1.350000000000000089e+00 -1.786000000000000087e-01 2.122999999999999887e-01 -1.077000000000000041e-01 4.660000000000000253e-01 1.100000000000000006e-01 1.100000000000000006e-01
1.399999999999999911e+00 -1.927000000000000102e-01 2.048000000000000098e-01 -9.289999999999999647e-02 4.587999999999999856e-01 1.116000000000000048e-01 1.116000000000000048e-01
1.449999999999999956e+00 -2.053000000000000103e-01 1.975999999999999979e-01 -7.920000000000000651e-02 4.517999999999999794e-01 1.132999999999999979e-01 1.132999999999999979e-01
1.500000000000000000e+00 -2.164999999999999980e-01 1.907999999999999974e-01 -6.660000000000000642e-02 4.450999999999999956e-01 1.149000000000000021e-01 1.149000000000000021e-01
1.550000000000000044e+00 -2.265000000000000069e-01 1.842999999999999916e-01 -5.489999999999999741e-02 4.385999999999999899e-01 1.165000000000000063e-01 1.165000000000000063e-01
1.600000000000000089e+00 -2.354999999999999871e-01 1.781999999999999973e-01 -4.420000000000000318e-02 4.323000000000000176e-01 1.180999999999999966e-01 1.180999999999999966e-01
1.649999999999999911e+00 -2.436000000000000110e-01 1.723000000000000087e-01 -3.420000000000000123e-02 4.262000000000000233e-01 1.195999999999999980e-01 1.195999999999999980e-01
1.699999999999999956e+00 -2.508000000000000229e-01 1.666999999999999871e-01 -2.510000000000000078e-02 4.203999999999999959e-01 1.210999999999999993e-01 1.210999999999999993e-01
1.750000000000000000e+00 -2.572999999999999732e-01 1.615000000000000047e-01 -1.660000000000000017e-02 4.148000000000000020e-01 1.226000000000000006e-01 1.226000000000000006e-01
1.800000000000000044e+00 -2.631999999999999895e-01 1.565000000000000002e-01 -8.800000000000000530e-03 4.093999999999999861e-01 1.241000000000000020e-01 1.241000000000000020e-01
1.850000000000000089e+00 -2.684000000000000274e-01 1.517000000000000015e-01 -1.500000000000000031e-03 4.042000000000000037e-01 1.255999999999999894e-01 1.255999999999999894e-01
1.899999999999999911e+00 -2.731000000000000094e-01 1.471999999999999975e-01 5.199999999999999761e-03 3.991999999999999993e-01 1.270000000000000018e-01 1.270000000000000018e-01
1.949999999999999956e+00 -2.773999999999999799e-01 1.429999999999999882e-01 1.140000000000000041e-02 3.943999999999999728e-01 1.283999999999999864e-01 1.283999999999999864e-01
2.000000000000000000e+00 -2.812000000000000055e-01 1.390000000000000124e-01 1.710000000000000062e-02 3.897999999999999798e-01 1.297000000000000097e-01 1.297000000000000097e-01
2.049999999999999822e+00 -2.847000000000000086e-01 1.351999999999999869e-01 2.230000000000000038e-02 3.852999999999999758e-01 1.310000000000000053e-01 1.310000000000000053e-01
2.100000000000000089e+00 -2.878999999999999893e-01 1.315999999999999948e-01 2.719999999999999848e-02 3.810999999999999943e-01 1.323000000000000009e-01 1.323000000000000009e-01
2.149999999999999911e+00 -2.908000000000000029e-01 1.282000000000000084e-01 3.169999999999999901e-02 3.769000000000000128e-01 1.335000000000000075e-01 1.335000000000000075e-01
2.200000000000000178e+00 -2.933999999999999941e-01 1.250999999999999890e-01 3.590000000000000135e-02 3.729999999999999982e-01 1.346999999999999864e-01 1.346999999999999864e-01
2.250000000000000000e+00 -2.958000000000000074e-01 1.221000000000000002e-01 3.969999999999999918e-02 3.691999999999999726e-01 1.358999999999999930e-01 1.358999999999999930e-01
2.299999999999999822e+00 -2.979999999999999871e-01 1.193000000000000033e-01 4.320000000000000229e-02 3.654999999999999916e-01 1.370000000000000107e-01 1.370000000000000107e-01
2.350000000000000089e+00 -2.999999999999999889e-01 1.166999999999999982e-01 4.649999999999999967e-02 3.619999999999999885e-01 1.381000000000000005e-01 1.381000000000000005e-01
2.399999999999999911e+00 -3.018000000000000127e-01 1.141999999999999960e-01 4.950000000000000233e-02 3.585999999999999743e-01 1.391999999999999904e-01 1.391999999999999904e-01
2.450000000000000178e+00 -3.034999999999999920e-01 1.118999999999999995e-01 5.229999999999999927e-02 3.553000000000000047e-01 1.401999999999999913e-01 1.401999999999999913e-01
2.500000000000000000e+00 -3.050999999999999823e-01 1.097999999999999948e-01 5.489999999999999741e-02 3.521000000000000241e-01 1.411999999999999922e-01 1.411999999999999922e-01
2.549999999999999822e+00 -3.065999999999999837e-01 1.078000000000000069e-01 5.720000000000000084e-02 3.491000000000000214e-01 1.421999999999999931e-01 1.421999999999999931e-01
2.600000000000000089e+00 -3.079000000000000070e-01 1.058999999999999941e-01 5.940000000000000141e-02 3.461000000000000187e-01 1.431999999999999940e-01 1.431999999999999940e-01
2.649999999999999911e+00 -3.091999999999999749e-01 1.042000000000000010e-01 6.140000000000000319e-02 3.432999999999999940e-01 1.441000000000000059e-01 1.441000000000000059e-01
2.700000000000000178e+00 -3.104000000000000092e-01 1.025999999999999968e-01 6.320000000000000617e-02 3.406000000000000139e-01 1.449999999999999900e-01 1.449999999999999900e-01
2.750000000000000000e+00 -3.114999999999999991e-01 1.010999999999999954e-01 6.489999999999999936e-02 3.378999999999999782e-01 1.458000000000000129e-01 1.458000000000000129e-01
2.799999999999999822e+00 -3.125000000000000000e-01 9.969999999999999696e-02 6.650000000000000355e-02 3.353999999999999759e-01 1.466999999999999971e-01 1.466999999999999971e-01
2.850000000000000089e+00 -3.135000000000000009e-01 9.840000000000000135e-02 6.790000000000000202e-02 3.328999999999999737e-01 1.474999999999999922e-01 1.474999999999999922e-01
