7.821126890964444356e-02
8.690322722122581500e-02
9.638368323739171517e-02
1.067728146898719588e-01
1.181605857755222838e-01
1.304615642389861940e-01
1.438622632083929598e-01
1.584809113987895590e-01
1.742047907254188899e-01
1.913140353312871300e-01
2.097220483189169427e-01
2.297436992854424986e-01
2.514034656026737369e-01
2.743757753481596562e-01
2.991803451851725582e-01
3.259258925253724071e-01
3.544245035675975819e-01
3.846088706583702943e-01
4.166098749839943216e-01
4.503740523795804473e-01
4.858241995802024538e-01
5.232705363968368495e-01
5.618059370125155771e-01
6.022873765121729006e-01
6.433398595918118357e-01
6.860048825239851711e-01
7.288084127227140163e-01
7.722688767429233270e-01
8.154806566180154981e-01
8.586346812075419388e-01
9.010093293495377020e-01
9.426065644147699762e-01
9.832587530100788120e-01
1.023149175484854512e+00
1.061027601728741221e+00
1.097229621997532156e+00
1.131492293651639391e+00
1.163925438756934883e+00
1.194990249885358180e+00
1.223981402616988845e+00
1.251051545686917787e+00
1.276439249081418925e+00
1.299887123523567167e+00
1.321902809624441399e+00
1.342450243782127295e+00
1.361359730510561139e+00
1.378786180916802717e+00
1.394720366647446586e+00
1.409840496946292987e+00
1.423365864246898038e+00
1.435761078096783327e+00
1.447285572157805955e+00
1.458119532375125482e+00
1.467772566864200545e+00
